- - - - - - - - - - - - - - - - - - 
Total OST time    [sec] = 699.06 
Total Datavolume [Gbit] = 1.183 
Max Datarate     [Mbps] = 3.29 
Mean Datarate    [Mbps] = 1.69 
OST Row, datarate and Datavolume [id s Mbps Mbit DC%] = 
   0     32.00      0.00       0.0       5.0 
   1     30.00      3.29      98.6       1.0 
   2     30.00      0.00       0.0       1.0 
   3     30.00      3.29      98.6       1.0 
   4     30.00      0.00       0.0       1.0 
   5     30.00      3.29      98.6       1.0 
   6     30.00      0.00       0.0       1.0 
   7     30.00      3.29      98.6       1.0 
   8     30.00      0.00       0.0       1.0 
   9     30.00      3.29      98.6       1.0 
  10     30.00      0.00       0.0       1.0 
  11     30.00      3.29      98.6       1.0 
  12     30.00      0.00       0.0       1.0 
  13     30.00      3.29      98.6       1.0 
  14     30.00      0.00       0.0       1.0 
  15     30.00      3.29      98.6       1.0 
  16     30.00      0.00       0.0       1.0 
  17     30.00      3.29      98.6       1.0 
  18     30.00      0.00       0.0       1.0 
  19     30.00      3.29      98.6       1.0 
  20     30.00      0.00       0.0       1.0 
  21     30.00      3.29      98.6       1.0 
  22     30.00      3.29      98.6       1.0 
  23      7.06      0.00       0.0       2.5 
