- - - - - - - - - - - - - - - - - - 
Total OST time    [sec] = 1933.52 
Total Datavolume [Gbit] = 5.514 
Max Datarate     [Mbps] = 12.13 
Mean Datarate    [Mbps] = 2.85 
OST Row, datarate and Datavolume [id s Mbps Mbit DC%] = 
   0     29.01      0.00       0.0       2.5 
   1    195.04      0.99     192.2       1.0 
   2    108.84      0.77      83.9       2.0 
   3     49.76      1.54      76.7       4.0 
   4     56.86      1.54      87.7       4.0 
   5     76.06      1.54     117.3       4.0 
   6     82.26      1.54     126.9       4.0 
   7     91.64      1.54     141.3       4.0 
   8    103.26      1.54     159.3       4.0 
   9     46.00      3.86     177.4      10.0 
  10     92.00     12.13    1115.8       5.0 
  11     46.00      9.26     425.8      10.0 
  12     47.00      8.16     383.6       8.8 
  13     50.00      6.81     340.5       7.4 
  14     55.99      5.46     305.7       5.9 
  15     63.01      4.47     281.6       4.8 
  16     38.00      5.56     211.3       6.0 
  17     38.00      4.86     184.8       5.3 
  18     35.00      5.77     202.1       6.2 
  19     34.99      5.17     181.0       5.6 
  20    195.60      1.23     239.7       1.0 
  21    195.60      1.23     239.7       1.0 
  22    195.60      1.23     239.7       1.0 
  23      8.00      0.00       0.0       2.5 
