- - - - - - - - - - - - - - - - - - 
Total OST time    [sec] = 589.06 
Total Datavolume [Gbit] = 1.756 
Max Datarate     [Mbps] = 3.29 
Mean Datarate    [Mbps] = 2.98 
OST Row, datarate and Datavolume [id s Mbps Mbit DC%] = 
   0     32.00      0.00       0.0       5.0 
   1     25.00      3.10      77.4       1.0 
   2     25.00      3.29      82.2       1.0 
   3     25.00      3.10      77.4       1.0 
   4     25.00      3.29      82.2       1.0 
   5     25.00      3.10      77.4       1.0 
   6     25.00      3.29      82.2       1.0 
   7     25.00      3.10      77.4       1.0 
   8     25.00      3.29      82.2       1.0 
   9     25.00      3.10      77.4       1.0 
  10     25.00      3.29      82.2       1.0 
  11     25.00      3.10      77.4       1.0 
  12     25.00      3.29      82.2       1.0 
  13     25.00      3.10      77.4       1.0 
  14     25.00      3.29      82.2       1.0 
  15     25.00      3.10      77.4       1.0 
  16     25.00      3.29      82.2       1.0 
  17     25.00      3.10      77.4       1.0 
  18     25.00      3.29      82.2       1.0 
  19     25.00      3.10      77.4       1.0 
  20     25.00      3.29      82.2       1.0 
  21     25.00      3.10      77.4       1.0 
  22     25.00      3.29      82.2       1.0 
  23      7.06      0.00       0.0       2.5 
