- - - - - - - - - - - - - - - - - - 
Total OST time    [sec] = 259.06 
Total Datavolume [Gbit] = 0.359 
Max Datarate     [Mbps] = 1.63 
Mean Datarate    [Mbps] = 1.39 
OST Row, datarate and Datavolume [id s Mbps Mbit DC%] = 
   0     32.00      0.00       0.0       5.0 
   1     10.00      1.63      16.3       1.0 
   2     10.00      1.63      16.3       1.0 
   3     10.00      1.63      16.3       1.0 
   4     10.00      1.63      16.3       1.0 
   5     10.00      1.63      16.3       1.0 
   6     10.00      1.63      16.3       1.0 
   7     10.00      1.63      16.3       1.0 
   8     10.00      1.63      16.3       1.0 
   9     10.00      1.63      16.3       1.0 
  10     10.00      1.63      16.3       1.0 
  11     10.00      1.63      16.3       1.0 
  12     10.00      1.63      16.3       1.0 
  13     10.00      1.63      16.3       1.0 
  14     10.00      1.63      16.3       1.0 
  15     10.00      1.63      16.3       1.0 
  16     10.00      1.63      16.3       1.0 
  17     10.00      1.63      16.3       1.0 
  18     10.00      1.63      16.3       1.0 
  19     10.00      1.63      16.3       1.0 
  20     10.00      1.63      16.3       1.0 
  21     10.00      1.63      16.3       1.0 
  22     10.00      1.63      16.3       1.0 
  23      7.06      0.00       0.0       2.5 
