- - - - - - - - - - - - - - - - - - 
Total OST time    [sec] = 697.06 
Total Datavolume [Gbit] = 0.355 
Max Datarate     [Mbps] = 0.99 
Mean Datarate    [Mbps] = 0.51 
OST Row, datarate and Datavolume [id s Mbps Mbit DC%] = 
   0     29.06      0.00       0.0       2.5 
   1     30.00      0.99      29.6       1.0 
   2     30.00      0.00       0.0       1.0 
   3     30.00      0.99      29.6       1.0 
   4     30.00      0.00       0.0       1.0 
   5     30.00      0.99      29.6       1.0 
   6     30.00      0.00       0.0       1.0 
   7     30.00      0.99      29.6       1.0 
   8     30.00      0.00       0.0       1.0 
   9     30.00      0.99      29.6       1.0 
  10     30.00      0.00       0.0       1.0 
  11     30.00      0.99      29.6       1.0 
  12     30.00      0.00       0.0       1.0 
  13     30.00      0.99      29.6       1.0 
  14     30.00      0.00       0.0       1.0 
  15     30.00      0.99      29.6       1.0 
  16     30.00      0.00       0.0       1.0 
  17     30.00      0.99      29.6       1.0 
  18     30.00      0.00       0.0       1.0 
  19     30.00      0.99      29.6       1.0 
  20     30.00      0.00       0.0       1.0 
  21     30.00      0.99      29.6       1.0 
  22     30.00      0.99      29.6       1.0 
  23      8.00      0.00       0.0       2.5 
